%YAML:1.0
---
image_width: 2448
image_height: 2048
camera_matrix: !!opencv-matrix
   rows: 3
   cols: 3
   dt: d
   data: [ 3.5355602696090173e+03, 0., 1.0868148126321057e+03, 0.,
       3.5117532754134913e+03, 1.0026781087688389e+03, 0., 0., 1. ]
distortion_coefficients: !!opencv-matrix
   rows: 1
   cols: 5
   dt: d
   data: [ -6.8774192484615748e-02, 2.3636994924360236e-01,
       8.6847643363011009e-04, -1.2906814043658257e-02,
       -2.1605691075110255e-02 ]
