%YAML:1.0
---
image_width: 4096
image_height: 3000
camera_matrix: !!opencv-matrix
   rows: 3
   cols: 3
   dt: d
   data: [ 3.3588283690317580e+03, 0., 2.0855580497493215e+03, 0.,
       3.3510088222177019e+03, 1.6356950889955203e+03, 0., 0., 1. ]
distortion_coefficients: !!opencv-matrix
   rows: 1
   cols: 5
   dt: d
   data: [ -1.6692815998935537e-01, 1.2138001878281292e-01,
       7.4213583632140095e-03, 2.8274338999352772e-03,
       5.9665338963497537e-02 ]
