%YAML:1.0
---
image_width: 4096
image_height: 3000
camera_matrix: !!opencv-matrix
   rows: 3
   cols: 3
   dt: d
   data: [ 3.3616268251270221e+03, 0., 2.1120243402207861e+03, 0.,
       3.3537383394248045e+03, 1.6238602987170891e+03, 0., 0., 1. ]
distortion_coefficients: !!opencv-matrix
   rows: 1
   cols: 5
   dt: d
   data: [ -1.7274379441037502e-01, 1.4005232192141712e-01,
       6.9526243700814708e-03, 4.2389903810586271e-03,
       7.7320324253892597e-02 ]
