%YAML:1.0
---
image_width: 4096
image_height: 3000
camera_matrix: !!opencv-matrix
   rows: 3
   cols: 3
   dt: d
   data: [ 3.3784684416197379e+03, 0., 2.0416097772394619e+03, 0.,
       3.3655257709759430e+03, 1.4904527608680839e+03, 0., 0., 1. ]
distortion_coefficients: !!opencv-matrix
   rows: 1
   cols: 5
   dt: d
   data: [ -1.4897969847216216e-01, 1.1189518824928157e-01,
       -8.7462617682253923e-04, 7.0998034186060572e-04,
       -7.7068753679774735e-04 ]
